"","Date","Country","Confirmed","Recovered","Deaths","nuovi_positivi","totale_positivi","nuovi_removed","removed"
"172","2020-01-22","US",1,0,0,0,1,0,0
"357","2020-01-23","US",1,0,0,0,1,0,0
"542","2020-01-24","US",2,0,0,1,2,0,0
"727","2020-01-25","US",2,0,0,0,2,0,0
"912","2020-01-26","US",5,0,0,3,5,0,0
"1097","2020-01-27","US",5,0,0,0,5,0,0
"1282","2020-01-28","US",5,0,0,0,5,0,0
"1467","2020-01-29","US",5,0,0,0,5,0,0
"1652","2020-01-30","US",5,0,0,0,5,0,0
"1837","2020-01-31","US",7,0,0,2,7,0,0
"2022","2020-02-01","US",8,0,0,1,8,0,0
"2207","2020-02-02","US",8,0,0,0,8,0,0
"2392","2020-02-03","US",11,0,0,3,11,0,0
"2577","2020-02-04","US",11,0,0,0,11,0,0
"2762","2020-02-05","US",11,0,0,0,11,0,0
"2947","2020-02-06","US",11,0,0,0,11,0,0
"3132","2020-02-07","US",11,0,0,0,11,0,0
"3317","2020-02-08","US",11,0,0,0,11,0,0
"3502","2020-02-09","US",11,3,0,0,8,0,3
"3687","2020-02-10","US",11,3,0,0,8,0,3
"3872","2020-02-11","US",12,3,0,1,9,0,3
"4057","2020-02-12","US",12,3,0,0,9,0,3
"4242","2020-02-13","US",13,3,0,1,10,0,3
"4427","2020-02-14","US",13,3,0,0,10,0,3
"4612","2020-02-15","US",13,3,0,0,10,0,3
"4797","2020-02-16","US",13,3,0,0,10,0,3
"4982","2020-02-17","US",13,3,0,0,10,0,3
"5167","2020-02-18","US",13,3,0,0,10,0,3
"5352","2020-02-19","US",13,3,0,0,10,0,3
"5537","2020-02-20","US",13,3,0,0,10,0,3
"5722","2020-02-21","US",15,5,0,2,10,0,5
"5907","2020-02-22","US",15,5,0,0,10,0,5
"6092","2020-02-23","US",15,5,0,0,10,0,5
"6277","2020-02-24","US",51,5,0,36,46,0,5
"6462","2020-02-25","US",51,6,0,0,45,0,6
"6647","2020-02-26","US",57,6,0,6,51,0,6
"6832","2020-02-27","US",58,6,0,1,52,0,6
"7017","2020-02-28","US",60,7,0,2,53,0,7
"7202","2020-02-29","US",68,7,1,8,60,0,8
"7387","2020-03-01","US",74,7,1,6,66,0,8
"7572","2020-03-02","US",98,7,6,24,85,0,13
"7757","2020-03-03","US",118,7,7,20,104,0,14
"7942","2020-03-04","US",149,7,11,31,131,0,18
"8127","2020-03-05","US",217,7,12,68,198,0,19
"8312","2020-03-06","US",262,7,14,45,241,0,21
"8497","2020-03-07","US",402,7,17,140,378,0,24
"8682","2020-03-08","US",518,7,21,116,490,0,28
"8867","2020-03-09","US",583,7,22,65,554,0,29
"9052","2020-03-10","US",959,8,28,376,923,0,36
"9237","2020-03-11","US",1281,8,36,322,1237,0,44
"9422","2020-03-12","US",1663,12,40,382,1611,0,52
"9607","2020-03-13","US",2179,12,47,516,2120,0,59
"9792","2020-03-14","US",2727,12,54,548,2661,0,66
"9977","2020-03-15","US",3499,12,63,772,3424,0,75
"10162","2020-03-16","US",4632,17,85,1133,4530,0,102
"10347","2020-03-17","US",6421,17,108,1789,6296,0,125
"10532","2020-03-18","US",7783,105,118,1362,7560,0,223
"10717","2020-03-19","US",13747,121,200,5964,13426,0,321
"10902","2020-03-20","US",19273,147,244,5526,18882,0,391
"11087","2020-03-21","US",25600,176,307,6327,25117,0,483
"11272","2020-03-22","US",33276,178,417,7676,32681,0,595
"11457","2020-03-23","US",43843,178,557,10567,43108,0,735
"11642","2020-03-24","US",53736,348,706,9893,52682,0,1054
"11827","2020-03-25","US",65778,361,942,12042,64475,0,1303
"12012","2020-03-26","US",83836,681,1209,18058,81946,0,1890
"12197","2020-03-27","US",101657,869,1581,17821,99207,0,2450
"12382","2020-03-28","US",121465,1072,2026,19808,118367,0,3098
"12567","2020-03-29","US",140909,2665,2467,19444,135777,0,5132
"12752","2020-03-30","US",161831,5644,2978,20922,153209,0,8622
"12937","2020-03-31","US",188172,7024,3874,26341,177274,0,10898
"13122","2020-04-01","US",213242,8474,4760,25070,200008,0,13234
"13307","2020-04-02","US",243622,9001,5929,30380,228692,0,14930
"13492","2020-04-03","US",275367,9707,7090,31745,258570,0,16797
"13677","2020-04-04","US",308650,14652,8408,33283,285590,0,23060
"13862","2020-04-05","US",336802,17448,9619,28152,309735,0,27067
"14047","2020-04-06","US",366317,19581,10783,29515,335953,0,30364
"14232","2020-04-07","US",397121,21763,12794,30804,362564,0,34557
"14417","2020-04-08","US",428654,23559,14704,31533,390391,0,38263
"14602","2020-04-09","US",462780,25410,16544,34126,420826,0,41954
"14787","2020-04-10","US",496535,28790,18595,33755,449150,0,47385
"14972","2020-04-11","US",526396,31270,20471,29861,474655,0,51741
"15157","2020-04-12","US",555313,32988,22029,28917,500296,0,55017
"15342","2020-04-13","US",580619,43482,23538,25306,513599,0,67020
"15527","2020-04-14","US",607670,47763,25843,27051,534064,0,73606
"15712","2020-04-15","US",636350,52096,28338,28680,555916,0,80434
"15897","2020-04-16","US",667592,54703,32930,31242,579959,0,87633
"16082","2020-04-17","US",699706,58545,36787,32114,604374,0,95332
"16267","2020-04-18","US",732197,64840,38664,32491,628693,0,103504
"16452","2020-04-19","US",758809,70337,40661,26612,647811,0,110998
"16637","2020-04-20","US",784326,72329,42094,25517,669903,0,114423
"16822","2020-04-21","US",811865,75204,44444,27539,692217,0,119648
"17007","2020-04-22","US",840351,77366,46622,28486,716363,0,123988
"17192","2020-04-23","US",869170,80203,49954,28819,739013,0,130157
"17377","2020-04-24","US",905358,99079,51949,36188,754330,0,151028
"17562","2020-04-25","US",938154,100372,53755,32796,784027,0,154127
"17747","2020-04-26","US",965785,106988,54881,27631,803916,0,161869
"17932","2020-04-27","US",988197,111424,56259,22412,820514,0,167683
